0.00151292
0.00491106
0.0180556
0.0170159
0.0154803
0.0159263
0.0397304
0.0655202
0.0536806
0.0241983
0.00934294
0.0114647
0.0156785
0.0115151
0.0110868
0.00624835
0.00032359
0.00676539
0.0147541
0.025497
0.0251711
0.020915
0.0226186
0.0219651
0.0107889
0.0158637
0.0480196
0.0646166
0.0392837
0.0200387
0.0199764
0.0180196
0.0133933
0.0114541
0.00748114
0.00211097
0.000957257
0.000170939
0.000888013
0.00208079
0.00264769
0.00399134
0.0109646
0.0218695
0.0257789
0.0145078
0.0006815
0.00579073
0.00601515
0.0125564
0.0193974
0.0171016
0.0204201
0.0269501
0.020546
0.0104456
0.00541762
0.008023
0.0114496
0.0138733
0.0197591
0.0227316
0.0175533
0.0082911
0.00952575
0.0082911
0.0175533
0.0227316
0.0197591
0.0138733
0.0114496
0.008023
0.00541762
0.0104456
0.020546
0.0269501
0.0204201
0.0171016
0.0193974
0.0125564
0.00601515
0.00579073
0.0006815
0.0145078
0.0257789
0.0218695
0.0109646
0.00399134
0.00264769
0.00208079
0.000888013
0.000170939
0.000957257
0.00211097
0.00748114
0.0114541
0.0133933
0.0180196
0.0199764
0.0200387
0.0392837
0.0646166
0.0480196
0.0158637
0.0107889
0.0219651
0.0226186
0.020915
0.0251711
0.025497
0.0147541
0.00676539
0.00032359
0.00624835
0.0110868
0.0115151
0.0156785
0.0114647
0.00934294
0.0241983
0.0536806
0.0655202
0.0397304
0.0159263
0.0154803
0.0170159
0.0180556
0.00491106
0.016876
0.186806
0.528317
0.442418
0.769097
0.454403
0.67303
1.04973
0.335518
1.40609
0.582748
0.304175
0.195324
0.220788
0.154246
0.13388
0.126174
0.090885
0.090209
0.0813583
0.0856931
0.0907143
0.0884701
0.0558053
0.136462
0.125689
0.140747
0.171134
0.146471
0.123389
0.0611674
0.0868162
0.0573125
0.0649083
0.0700354
0.0607826
0.0394816
0.0246067
0.0130295
0.0168625
0.0175265
0.0306619
0.0965799
0.043336
0.076675
0.0754685
0.0812339
0.0525867
0.0145406
0.0276296
0.0155699
0.0172144
0.0155298
0.0237144
0.0196138
0.0130237
0.0147643
0.0221621
0.0196515
0.016697
0.0303584
0.0142668
0.023214
0.014224
0.00146775
0.014224
0.023214
0.0142668
0.0303584
0.016697
0.0196515
0.0221621
0.0147643
0.0130237
0.0196138
0.0237144
0.0155298
0.0172144
0.0155699
0.0276296
0.0145406
0.0525867
0.0812339
0.0754685
0.076675
0.043336
0.0965799
0.0306619
0.0175265
0.0168625
0.0130295
0.0246067
0.0394816
0.0607826
0.0700354
0.0649083
0.0573125
0.0868162
0.0611674
0.123389
0.146471
0.171134
0.140747
0.125689
0.136462
0.0558053
0.0884701
0.0907143
0.0856931
0.0813583
0.090209
0.090885
0.126174
0.13388
0.154246
0.220788
0.195324
0.304175
0.582748
1.40609
0.335518
1.04973
0.67303
0.454403
0.769097
0.442418
0.528317
0.186806
0.0134222
0.209742
0.243494
0.487111
0.597467
0.465253
0.403687
0.802309
0.631252
2.22491
1.30979
0.547048
0.186678
0.161658
0.114826
0.212449
0.0543644
0.0275976
0.134198
0.0742621
0.0805626
0.0232853
0.145429
0.0486603
0.0437385
0.166391
0.214036
0.206753
0.281161
0.157987
0.159574
0.0854317
0.0193746
0.108391
0.0360627
0.0661637
0.047234
0.0814039
0.0445018
0.0420336
0.0224114
0.0212449
0.0505151
0.0312982
0.068093
0.0468013
0.0756352
0.037462
0.0482835
0.0333308
0.0190086
0.0291283
0.0103503
0.0296914
0.00763222
0.0235633
0.0147669
0.0208466
0.0174871
0.0190589
0.0309393
0.0152635
0.0510414
0.0175362
0.063242
0.0175362
0.0510414
0.0152635
0.0309393
0.0190589
0.0174871
0.0208466
0.0147669
0.0235633
0.00763222
0.0296914
0.0103503
0.0291283
0.0190086
0.0333308
0.0482835
0.037462
0.0756352
0.0468013
0.068093
0.0312982
0.0505151
0.0212449
0.0224114
0.0420336
0.0445018
0.0814039
0.047234
0.0661637
0.0360627
0.108391
0.0193746
0.0854317
0.159574
0.157987
0.281161
0.206753
0.214036
0.166391
0.0437385
0.0486603
0.145429
0.0232853
0.0805626
0.0742621
0.134198
0.0275976
0.0543644
0.212449
0.114826
0.161658
0.186678
0.547048
1.30979
2.22491
0.631252
0.802309
0.403687
0.465253
0.597467
0.487111
0.243494
0.209742
0.00933332
0.196399
0.247648
0.576298
0.769083
0.575628
0.41638
0.696639
1.08696
2.46131
1.61285
0.833444
0.235023
0.112116
0.20296
0.161645
0.0654524
0.07037
0.102177
0.0206352
0.0956347
0.0657221
0.110227
0.0350324
0.0824176
0.118944
0.103229
0.220434
0.337897
0.374526
0.100809
0.176008
0.0704377
0.0709353
0.0952608
0.114506
0.054308
0.0436827
0.0861459
0.033188
0.0659321
0.0249416
0.0678153
0.0158815
0.0348725
0.110211
0.104818
0.0608509
0.0506206
0.0540259
0.0174323
0.0287049
0.0197287
0.0295969
0.0130232
0.0226112
0.0150857
0.00881185
0.0255
0.0105136
0.0344105
0.0229068
0.060606
0.0436784
0.0828622
0.0436784
0.060606
0.0229068
0.0344105
0.0105136
0.0255
0.00881185
0.0150857
0.0226112
0.0130232
0.0295969
0.0197287
0.0287049
0.0174323
0.0540259
0.0506206
0.0608509
0.104818
0.110211
0.0348725
0.0158815
0.0678153
0.0249416
0.0659321
0.033188
0.0861459
0.0436827
0.054308
0.114506
0.0952608
0.0709353
0.0704377
0.176008
0.100809
0.374526
0.337897
0.220434
0.103229
0.118944
0.0824176
0.0350324
0.110227
0.0657221
0.0956347
0.0206352
0.102177
0.07037
0.0654524
0.161645
0.20296
0.112116
0.235023
0.833444
1.61285
2.46131
1.08696
0.696639
0.41638
0.575628
0.769083
0.576298
0.247648
0.196399
0.0150499
0.268025
0.53857
0.6259
0.624056
0.641555
0.642518
0.927467
1.69228
2.69411
1.53592
0.745944
0.174564
0.178381
0.161438
0.123671
0.107881
0.0987529
0.0883925
0.0729153
0.112731
0.0819637
0.0770546
0.0972139
0.0854579
0.0710376
0.137468
0.287072
0.327882
0.478325
0.353288
0.189538
0.109212
0.120375
0.10115
0.100618
0.101106
0.0543733
0.0691839
0.0949376
0.0970082
0.0849848
0.079873
0.0808796
0.0596764
0.0606512
0.073692
0.0920969
0.0550853
0.0493404
0.0391975
0.0311138
0.0299804
0.0255215
0.0274941
0.0180917
0.0246601
0.0215837
0.0247481
0.0257546
0.0288972
0.0455088
0.0563722
0.0708211
0.0692271
0.0708211
0.0563722
0.0455088
0.0288972
0.0257546
0.0247481
0.0215837
0.0246601
0.0180917
0.0274941
0.0255215
0.0299804
0.0311138
0.0391975
0.0493404
0.0550853
0.0920969
0.073692
0.0606512
0.0596764
0.0808796
0.079873
0.0849848
0.0970082
0.0949376
0.0691839
0.0543733
0.101106
0.100618
0.10115
0.120375
0.109212
0.189538
0.353288
0.478325
0.327882
0.287072
0.137468
0.0710376
0.0854579
0.0972139
0.0770546
0.0819637
0.112731
0.0729153
0.0883925
0.0987529
0.107881
0.123671
0.161438
0.178381
0.174564
0.745944
1.53592
2.69411
1.69228
0.927467
0.642518
0.641555
0.624056
0.6259
0.53857
0.268025
0.00775791
0.271622
0.425788
0.701676
0.822264
0.867229
0.887598
1.04103
1.46921
2.38496
0.827356
0.432458
0.269711
0.194853
0.126713
0.0981034
0.0511594
0.0645595
0.0525844
0.0554829
0.0739362
0.0714334
0.0583955
0.0714703
0.0747655
0.0641192
0.0948779
0.128529
0.27726
0.483387
0.224802
0.20837
0.171708
0.149679
0.0900356
0.0785555
0.0625133
0.0509912
0.043395
0.0676793
0.0652463
0.0723174
0.0662414
0.0620685
0.0552886
0.054654
0.0530995
0.0564049
0.0420445
0.0382578
0.027782
0.0265196
0.0229953
0.0240221
0.0212227
0.0251825
0.0258312
0.0323113
0.0255432
0.0254139
0.0367548
0.0552402
0.0523259
0.0815968
0.0775292
0.0815968
0.0523259
0.0552402
0.0367548
0.0254139
0.0255432
0.0323113
0.0258312
0.0251825
0.0212227
0.0240221
0.0229953
0.0265196
0.027782
0.0382578
0.0420445
0.0564049
0.0530995
0.054654
0.0552886
0.0620685
0.0662414
0.0723174
0.0652463
0.0676793
0.043395
0.0509912
0.0625133
0.0785555
0.0900356
0.149679
0.171708
0.20837
0.224802
0.483387
0.27726
0.128529
0.0948779
0.0641192
0.0747655
0.0714703
0.0583955
0.0714334
0.0739362
0.0554829
0.0525844
0.0645595
0.0511594
0.0981034
0.126713
0.194853
0.269711
0.432458
0.827356
2.38496
1.46921
1.04103
0.887598
0.867229
0.822264
0.701676
0.425788
0.271622
0.0203333
0.235099
0.424365
0.620002
0.693278
0.676327
0.703874
1.26321
0.248201
1.02631
0.377905
0.245455
0.115098
0.100143
0.113822
0.0840001
0.0482354
0.0443906
0.0764729
0.0494991
0.0486998
0.0301907
0.0415627
0.0460221
0.0381253
0.0390433
0.0591629
0.0665327
0.13136
0.278215
0.0966566
0.300412
0.170992
0.127499
0.0775655
0.0667758
0.0729064
0.0425294
0.0387668
0.0648883
0.0884868
0.0755721
0.065754
0.0567337
0.055892
0.0607039
0.0518371
0.0608074
0.0307822
0.0262873
0.0158956
0.0156429
0.0147354
0.014383
0.0205533
0.0145714
0.0187794
0.0200414
0.0208189
0.0157187
0.0163359
0.0358353
0.0177178
0.0318905
0.0086157
0.0318905
0.0177178
0.0358353
0.0163359
0.0157187
0.0208189
0.0200414
0.0187794
0.0145714
0.0205533
0.014383
0.0147354
0.0156429
0.0158956
0.0262873
0.0307822
0.0608074
0.0518371
0.0607039
0.055892
0.0567337
0.065754
0.0755721
0.0884868
0.0648883
0.0387668
0.0425294
0.0729064
0.0667758
0.0775655
0.127499
0.170992
0.300412
0.0966566
0.278215
0.13136
0.0665327
0.0591629
0.0390433
0.0381253
0.0460221
0.0415627
0.0301907
0.0486998
0.0494991
0.0764729
0.0443906
0.0482354
0.0840001
0.113822
0.100143
0.115098
0.245455
0.377905
1.02631
0.248201
1.26321
0.703874
0.676327
0.693278
0.620002
0.424365
0.235099
0.0102725
0.294017
0.419668
0.317475
0.251947
0.471151
0.426856
0.853116
0.4988
0.174722
0.0607624
0.105297
0.0629333
0.0354852
0.0887029
0.027988
0.00470126
0.0216691
0.0290082
0.00075927
0.0197915
0.0130064
0.0238555
0.00992694
0.0143712
0.00325576
0.0162932
0.0340801
0.0625096
0.0565697
0.062834
0.100399
0.0385121
0.0602354
0.0512202
0.0246993
0.0283411
0.0137666
0.0142974
0.00580267
0.0369101
0.0275137
0.0106066
0.0277924
0.011544
0.0185127
0.0166226
0.0357819
0.00358279
0.00660953
0.0120721
0.00538567
0.00696552
0.00562147
0.00761418
0.00226881
0.00224361
0.00818766
0.00549355
0.00769155
0.00618044
0.00694584
0.00589463
0.00344369
0.00625423
0.00344369
0.00589463
0.00694584
0.00618044
0.00769155
0.00549355
0.00818766
0.00224361
0.00226881
0.00761418
0.00562147
0.00696552
0.00538567
0.0120721
0.00660953
0.00358279
0.0357819
0.0166226
0.0185127
0.011544
0.0277924
0.0106066
0.0275137
0.0369101
0.00580267
0.0142974
0.0137666
0.0283411
0.0246993
0.0512202
0.0602354
0.0385121
0.100399
0.062834
0.0565697
0.0625096
0.0340801
0.0162932
0.00325576
0.0143712
0.00992694
0.0238555
0.0130064
0.0197915
0.00075927
0.0290082
0.0216691
0.00470126
0.027988
0.0887029
0.0354852
0.0629333
0.105297
0.0607624
0.174722
0.4988
0.853116
0.426856
0.471151
0.251947
0.317475
0.419668
0.294017
0.0288974
0.241775
0.371247
0.149442
0.0912668
0.350963
0.288498
0.0738909
0.0330653
0.0471231
0.0342728
0.0315493
0.0223619
0.0170541
0.0362784
0.0169009
0.00611709
0.00492549
0.00573618
0.0112731
0.0204968
0.0142713
0.00386941
0.00458647
0.00624434
0.00163018
0.0101979
0.0119547
0.022512
0.0460784
0.0429052
0.0276039
0.015203
0.0211394
0.0189726
0.0155895
0.0193809
0.00476803
0.0202292
0.00658647
0.00626835
0.00342513
0.00461723
0.00987462
0.0224307
0.0327488
0.0407105
0.0276434
0.0107513
0.00979845
0.00142817
0.00276246
0.00768884
0.0072982
0.00922831
0.0120395
0.0152241
0.0246407
0.0358265
0.01933
0.0239963
0.0334153
0.0284096
0.0239345
0.0160012
0.0239345
0.0284096
0.0334153
0.0239963
0.01933
0.0358265
0.0246407
0.0152241
0.0120395
0.00922831
0.0072982
0.00768884
0.00276246
0.00142817
0.00979845
0.0107513
0.0276434
0.0407105
0.0327488
0.0224307
0.00987462
0.00461723
0.00342513
0.00626835
0.00658647
0.0202292
0.00476803
0.0193809
0.0155895
0.0189726
0.0211394
0.015203
0.0276039
0.0429052
0.0460784
0.022512
0.0119547
0.0101979
0.00163018
0.00624434
0.00458647
0.00386941
0.0142713
0.0204968
0.0112731
0.00573618
0.00492549
0.00611709
0.0169009
0.0362784
0.0170541
0.0223619
0.0315493
0.0342728
0.0471231
0.0330653
0.0738909
0.288498
0.350963
0.0912668
0.149442
0.371247
0.241775
0.00426386
0.0142442
0.0438579
0.0339405
0.0946018
0.0600156
0.0878311
0.0863801
0.0150032
0.077623
0.0761352
0.0612012
0.028234
0.00805828
0.00602366
0.00358579
0.00353642
0.00361371
0.00391845
0.00436734
0.00631366
0.00513522
0.00589379
0.0113199
0.0100714
0.00979464
0.0169842
0.012559
0.0451005
0.0737525
0.0447291
0.072721
0.0489881
0.0530225
0.0388037
0.0348137
0.0292274
0.0387276
0.022193
0.00353786
0.0618318
0.0981721
0.0866586
0.0449155
0.0615006
0.0666468
0.036221
0.031375
0.10642
0.13728
0.0798959
0.118481
0.0980013
0.0257317
0.0850035
0.0650935
0.0151127
0.0231361
0.052666
0.0686754
0.0379363
0.0931212
0.147819
0.235111
0.324589
0.235111
0.147819
0.0931212
0.0379363
0.0686754
0.052666
0.0231361
0.0151127
0.0650935
0.0850035
0.0257317
0.0980013
0.118481
0.0798959
0.13728
0.10642
0.031375
0.036221
0.0666468
0.0615006
0.0449155
0.0866586
0.0981721
0.0618318
0.00353786
0.022193
0.0387276
0.0292274
0.0348137
0.0388037
0.0530225
0.0489881
0.072721
0.0447291
0.0737525
0.0451005
0.012559
0.0169842
0.00979464
0.0100714
0.0113199
0.00589379
0.00513522
0.00631366
0.00436734
0.00391845
0.00361371
0.00353642
0.00358579
0.00602366
0.00805828
0.028234
0.0612012
0.0761352
0.077623
0.0150032
0.0863801
0.0878311
0.0600156
0.0946018
0.0339405
0.0438579
0.0142442
0.00316943
0.0434311
0.0599475
0.0346296
0.079251
0.0376222
0.0916712
0.0697298
0.032664
0.0480983
0.0296976
0.0390082
0.0203753
0.00449576
0.00865325
0.00523297
0.00739909
0.00252697
0.00168119
0.00353332
0.00334665
0.00375363
0.00244852
0.0083071
0.00636298
0.00421667
0.0047985
0.0239924
0.0216285
0.0490033
0.0242034
0.0561905
0.088976
0.0550447
0.0681799
0.0178119
0.0039064
0.0167875
0.0203135
0.0192975
0.0432659
0.0822263
0.0423748
0.0215521
0.0301145
0.0321127
0.0385384
0.0222162
0.0474261
0.0278152
0.0488945
0.0774137
0.0324304
0.114744
0.111102
0.0807828
0.141042
0.0890479
0.0280919
0.118787
0.0970179
0.12942
0.250423
0.169578
0.0164201
0.169578
0.250423
0.12942
0.0970179
0.118787
0.0280919
0.0890479
0.141042
0.0807828
0.111102
0.114744
0.0324304
0.0774137
0.0488945
0.0278152
0.0474261
0.0222162
0.0385384
0.0321127
0.0301145
0.0215521
0.0423748
0.0822263
0.0432659
0.0192975
0.0203135
0.0167875
0.0039064
0.0178119
0.0681799
0.0550447
0.088976
0.0561905
0.0242034
0.0490033
0.0216285
0.0239924
0.0047985
0.00421667
0.00636298
0.0083071
0.00244852
0.00375363
0.00334665
0.00353332
0.00168119
0.00252697
0.00739909
0.00523297
0.00865325
0.00449576
0.0203753
0.0390082
0.0296976
0.0480983
0.032664
0.0697298
0.0916712
0.0376222
0.079251
0.0346296
0.0599475
0.0434311
0.00509818
0.00953404
0.0114062
0.0283072
0.0385953
0.0553278
0.0601157
0.0302987
0.0172339
0.0110434
0.0264901
0.0248032
0.00687153
0.00118154
0.000763367
0.00556414
0.00240301
0.00253699
0.00267296
0.00154869
0.00246104
0.00279534
0.00331309
0.00299552
0.000889525
0.0105082
0.00912561
0.0231433
0.0603211
0.0613707
0.0375723
0.0604955
0.0432562
0.0668771
0.041565
0.0272781
0.0118312
0.0310032
0.0300217
0.0241944
0.0144018
0.0682077
0.0846286
0.0294046
0.00713198
0.0464532
0.0842598
0.0667611
0.00976656
0.0268163
0.0267322
0.0827158
0.0314244
0.0420775
0.0621145
0.116913
0.0727898
0.0126977
0.0720695
0.0982328
0.0874198
0.139824
0.140754
0.245144
0.285709
0.245144
0.140754
0.139824
0.0874198
0.0982328
0.0720695
0.0126977
0.0727898
0.116913
0.0621145
0.0420775
0.0314244
0.0827158
0.0267322
0.0268163
0.00976656
0.0667611
0.0842598
0.0464532
0.00713198
0.0294046
0.0846286
0.0682077
0.0144018
0.0241944
0.0300217
0.0310032
0.0118312
0.0272781
0.041565
0.0668771
0.0432562
0.0604955
0.0375723
0.0613707
0.0603211
0.0231433
0.00912561
0.0105082
0.000889525
0.00299552
0.00331309
0.00279534
0.00246104
0.00154869
0.00267296
0.00253699
0.00240301
0.00556414
0.000763367
0.00118154
0.00687153
0.0248032
0.0264901
0.0110434
0.0172339
0.0302987
0.0601157
0.0553278
0.0385953
0.0283072
0.0114062
0.00953404
0.00348753
0.00518629
0.018246
0.0655691
0.0639576
0.0240661
0.0092822
0.00577782
0.0109141
0.0122556
0.00676665
0.00870631
0.00718252
0.00617212
0.00842483
0.00297521
0.00442684
0.00747383
0.00428345
0.00338773
0.00387202
0.00156252
0.000938203
0.00257702
0.00454227
0.00320857
0.00525016
0.0236322
0.0331224
0.0139544
0.0316374
0.0582163
0.019671
0.00622147
0.0198142
0.00493981
0.0106584
0.0124301
0.0197385
0.0335998
0.0509354
0.0536156
0.0376771
0.026307
0.0190427
0.0264816
0.0369808
0.036235
0.0312599
0.0172214
0.0218031
0.0319985
0.0120314
0.0101784
0.0171876
0.0554425
0.0752403
0.0461527
0.0929634
0.0851527
0.0661846
0.116841
0.0971284
0.0548861
0.0224915
0.0548861
0.0971284
0.116841
0.0661846
0.0851527
0.0929634
0.0461527
0.0752403
0.0554425
0.0171876
0.0101784
0.0120314
0.0319985
0.0218031
0.0172214
0.0312599
0.036235
0.0369808
0.0264816
0.0190427
0.026307
0.0376771
0.0536156
0.0509354
0.0335998
0.0197385
0.0124301
0.0106584
0.00493981
0.0198142
0.00622147
0.019671
0.0582163
0.0316374
0.0139544
0.0331224
0.0236322
0.00525016
0.00320857
0.00454227
0.00257702
0.000938203
0.00156252
0.00387202
0.00338773
0.00428345
0.00747383
0.00442684
0.00297521
0.00842483
0.00617212
0.00718252
0.00870631
0.00676665
0.0122556
0.0109141
0.00577782
0.0092822
0.0240661
0.0639576
0.0655691
0.018246
0.00518629
0.00093432
0.0128812
0.0437698
0.0548776
0.0205177
0.0143878
0.0286974
0.010239
0.00962807
0.000467146
0.00778824
0.00550606
0.0105713
0.00903391
0.0103229
0.00996836
0.00527681
0.00383065
0.00144773
0.00149845
0.00104681
0.00189632
0.000460143
0.0037709
0.00282715
0.00101365
0.00314814
0.00460859
0.0125145
0.0179936
0.0221533
0.0510344
0.0322517
0.00825816
0.00619646
0.00214301
0.00292572
0.00275192
0.00805208
0.0095325
0.0126454
0.00588193
0.0130582
0.0175712
0.00596117
0.0194428
0.0157501
0.0161954
0.0107885
0.0142729
0.00290851
0.0155184
0.0145519
0.0151627
0.0168787
0.0218902
0.0134066
0.0157146
0.0113482
0.00691299
0.0178613
0.0404912
0.0540631
0.0165726
0.0515675
0.0165726
0.0540631
0.0404912
0.0178613
0.00691299
0.0113482
0.0157146
0.0134066
0.0218902
0.0168787
0.0151627
0.0145519
0.0155184
0.00290851
0.0142729
0.0107885
0.0161954
0.0157501
0.0194428
0.00596117
0.0175712
0.0130582
0.00588193
0.0126454
0.0095325
0.00805208
0.00275192
0.00292572
0.00214301
0.00619646
0.00825816
0.0322517
0.0510344
0.0221533
0.0179936
0.0125145
0.00460859
0.00314814
0.00101365
0.00282715
0.0037709
0.000460143
0.00189632
0.00104681
0.00149845
0.00144773
0.00383065
0.00527681
0.00996836
0.0103229
0.00903391
0.0105713
0.00550606
0.00778824
0.000467146
0.00962807
0.010239
0.0286974
0.0143878
0.0205177
0.0548776
0.0437698
0.0128812
0.00483317
0.0165745
0.0337314
0.0259502
0.0417313
0.0136985
0.00921356
0.00893238
0.0159912
0.0128162
0.00221709
0.00912081
0.00439147
0.00108636
0.00312416
0.00323221
0.00336668
0.0061292
0.0048523
0.00355667
0.00323905
0.00335434
0.00204562
0.00361618
0.00395865
0.00383562
0.00634547
0.00366705
0.00887254
0.0110012
0.0110958
0.0173626
0.0188393
0.0168715
0.00362733
0.00379292
0.0044853
0.00625236
0.00377099
0.00779803
0.00260314
0.00626118
0.00559996
0.00791266
0.00957816
0.0156399
0.00744921
0.0131124
0.00346222
0.0120565
0.0136479
0.00951643
0.00913372
0.0140166
0.0108118
0.00483031
0.0036225
0.00645886
0.0110226
0.00266584
0.00510755
0.00745848
0.00125617
0.00834689
0.0136361
0.00834689
0.00125617
0.00745848
0.00510755
0.00266584
0.0110226
0.00645886
0.0036225
0.00483031
0.0108118
0.0140166
0.00913372
0.00951643
0.0136479
0.0120565
0.00346222
0.0131124
0.00744921
0.0156399
0.00957816
0.00791266
0.00559996
0.00626118
0.00260314
0.00779803
0.00377099
0.00625236
0.0044853
0.00379292
0.00362733
0.0168715
0.0188393
0.0173626
0.0110958
0.0110012
0.00887254
0.00366705
0.00634547
0.00383562
0.00395865
0.00361618
0.00204562
0.00335434
0.00323905
0.00355667
0.0048523
0.0061292
0.00336668
0.00323221
0.00312416
0.00108636
0.00439147
0.00912081
0.00221709
0.0128162
0.0159912
0.00893238
0.00921356
0.0136985
0.0417313
0.0259502
0.0337314
0.0165745
0.00166739
0.00562018
0.0190062
0.0418079
0.043935
0.0112403
0.0138469
0.00867222
0.0103304
0.0118467
0.010214
0.00684243
0.0033201
0.000890061
0.00310532
0.00449823
0.00298112
0.00211836
0.0033193
0.00619364
0.00292885
0.000725415
0.00272529
0.00297991
0.00324918
0.00119348
0.00172801
0.00172078
0.00426177
0.00495784
0.00604464
0.00262569
0.000981335
0.00292569
0.00805955
0.00468623
0.00102301
0.00199324
0.00169345
0.00343793
0.00392626
0.00520659
0.0049416
0.00544531
0.00530557
0.00166606
0.00432254
0.00412431
0.00201803
0.00365697
0.00667168
0.00567604
0.0013809
0.00398387
0.0032497
0.00713347
0.00688654
0.00783194
0.00475218
0.000122536
0.00436904
0.00438186
0.00106148
0.00241772
0.00156489
0.00241772
0.00106148
0.00438186
0.00436904
0.000122536
0.00475218
0.00783194
0.00688654
0.00713347
0.0032497
0.00398387
0.0013809
0.00567604
0.00667168
0.00365697
0.00201803
0.00412431
0.00432254
0.00166606
0.00530557
0.00544531
0.0049416
0.00520659
0.00392626
0.00343793
0.00169345
0.00199324
0.00102301
0.00468623
0.00805955
0.00292569
0.000981335
0.00262569
0.00604464
0.00495784
0.00426177
0.00172078
0.00172801
0.00119348
0.00324918
0.00297991
0.00272529
0.000725415
0.00292885
0.00619364
0.0033193
0.00211836
0.00298112
0.00449823
0.00310532
0.000890061
0.0033201
0.00684243
0.010214
0.0118467
0.0103304
0.00867222
0.0138469
0.0112403
0.043935
0.0418079
0.0190062
0.00562018
0.00254618
0.0163751
0.0302596
0.0294964
0.026105
0.0118185
0.0155886
0.00956963
0.00463716
0.0112515
0.0170325
0.0157151
0.00990854
0.000808724
0.00443606
0.00153681
0.000360241
0.00277868
0.00182573
0.00280751
0.000867408
0.00257864
0.00307376
0.00402188
0.00188922
0.00122936
0.00304986
0.00332512
0.00519412
0.00690431
0.00418248
0.00420827
0.0025814
0.000649064
0.00033845
0.00189071
0.0027984
0.00241312
0.00193634
0.00111914
0.00193253
0.000487816
0.0015898
0.000956604
0.000631578
0.00129403
0.00233524
0.00220356
0.00206822
0.0027139
0.00283961
0.000854115
0.000750798
0.00237123
0.00424974
0.00487849
0.00430961
0.0030633
0.005037
0.00216349
0.00205918
0.00361076
0.00678037
0.00489104
0.000919827
0.00489104
0.00678037
0.00361076
0.00205918
0.00216349
0.005037
0.0030633
0.00430961
0.00487849
0.00424974
0.00237123
0.000750798
0.000854115
0.00283961
0.0027139
0.00206822
0.00220356
0.00233524
0.00129403
0.000631578
0.000956604
0.0015898
0.000487816
0.00193253
0.00111914
0.00193634
0.00241312
0.0027984
0.00189071
0.00033845
0.000649064
0.0025814
0.00420827
0.00418248
0.00690431
0.00519412
0.00332512
0.00304986
0.00122936
0.00188922
0.00402188
0.00307376
0.00257864
0.000867408
0.00280751
0.00182573
0.00277868
0.000360241
0.00153681
0.00443606
0.000808724
0.00990854
0.0157151
0.0170325
0.0112515
0.00463716
0.00956963
0.0155886
0.0118185
0.026105
0.0294964
0.0302596
0.0163751
0.00163894
0.00589942
0.0137535
0.0136597
0.0277719
0.0148725
0.00387684
0.00443989
0.00525747
0.00685265
0.000475726
0.00990941
0.00670713
0.00835263
0.0125748
0.010534
0.00755095
0.00815629
0.0062384
0.00318348
0.00115137
0.00241468
0.0016266
0.00209674
0.000455309
0.00248125
0.00285829
0.00433002
0.00349899
0.00171516
0.00361307
0.00407689
0.00134312
0.00461514
0.00394071
0.00217983
0.00224543
0.00202167
0.00149922
0.00232836
0.000942033
0.00359208
0.0032969
0.00362548
0.00360726
0.00438603
0.00373693
0.0027918
0.00427393
0.00383565
0.00224139
0.00162282
0.00119644
0.00315307
0.00191713
0.00169138
0.00152613
0.000680632
0.00423701
0.005338
0.00073533
0.0027821
0.00587353
0.00489865
0.00352203
0.00489865
0.00587353
0.0027821
0.00073533
0.005338
0.00423701
0.000680632
0.00152613
0.00169138
0.00191713
0.00315307
0.00119644
0.00162282
0.00224139
0.00383565
0.00427393
0.0027918
0.00373693
0.00438603
0.00360726
0.00362548
0.0032969
0.00359208
0.000942033
0.00232836
0.00149922
0.00202167
0.00224543
0.00217983
0.00394071
0.00461514
0.00134312
0.00407689
0.00361307
0.00171516
0.00349899
0.00433002
0.00285829
0.00248125
0.000455309
0.00209674
0.0016266
0.00241468
0.00115137
0.00318348
0.0062384
0.00815629
0.00755095
0.010534
0.0125748
0.00835263
0.00670713
0.00990941
0.000475726
0.00685265
0.00525747
0.00443989
0.00387684
0.0148725
0.0277719
0.0136597
0.0137535
0.00589942
0.0013027
0.0143745
0.0304136
0.0180014
0.0289954
0.0122492
0.0129714
0.00863905
0.0109119
0.0114954
0.00735795
0.0127955
0.01002
0.00371805
0.00591183
0.0112341
0.0105889
0.00595033
0.00486066
0.0061266
0.00483599
0.0053345
0.00382149
0.00327687
0.00182596
0.00050115
0.00121387
0.000440166
0.00329433
0.00484845
0.00224978
0.00265238
0.00212832
0.00385254
0.00241401
0.00316723
0.00111721
0.00268136
0.00517893
0.00478494
0.00361934
0.00269988
0.00284719
0.00614305
0.00429245
0.0159633
0.0350999
0.0370255
0.0164595
0.0168412
0.0178328
0.00284632
0.00401965
0.00938964
0.0068835
0.00187909
0.00205406
0.00209725
0.00444177
0.00878943
0.00955134
0.00689572
0.0107416
0.00727119
0.00205012
0.00727119
0.0107416
0.00689572
0.00955134
0.00878943
0.00444177
0.00209725
0.00205406
0.00187909
0.0068835
0.00938964
0.00401965
0.00284632
0.0178328
0.0168412
0.0164595
0.0370255
0.0350999
0.0159633
0.00429245
0.00614305
0.00284719
0.00269988
0.00361934
0.00478494
0.00517893
0.00268136
0.00111721
0.00316723
0.00241401
0.00385254
0.00212832
0.00265238
0.00224978
0.00484845
0.00329433
0.000440166
0.00121387
0.00050115
0.00182596
0.00327687
0.00382149
0.0053345
0.00483599
0.0061266
0.00486066
0.00595033
0.0105889
0.0112341
0.00591183
0.00371805
0.01002
0.0127955
0.00735795
0.0114954
0.0109119
0.00863905
0.0129714
0.0122492
0.0289954
0.0180014
0.0304136
0.0143745
0.00293455
0.0068559
0.00814493
0.0133708
0.0266998
0.0348597
0.0225227
0.0115534
0.0072183
0.0073057
0.00867004
0.0129919
0.0080157
0.010381
0.00840547
0.00356534
0.00563902
0.00609266
0.00399575
0.00239836
0.00354917
0.00279484
0.005124
0.00209188
0.00206909
0.00180659
0.00163713
0.00576617
0.00279682
0.00116557
0.00348398
0.00743205
0.00591784
0.0023748
0.00365015
0.00370797
0.0016417
0.00560174
0.00243316
0.00208968
0.00444651
0.00256249
0.00530415
0.00842739
0.0177181
0.0334942
0.0377635
0.0215273
0.0239203
0.0193669
0.0169015
0.0068791
0.00701734
0.00649853
0.00490511
0.0014579
0.00107235
0.00552639
0.00230863
0.00899354
0.00325674
0.000552103
0.0123697
0.00721995
0.00047911
0.00721995
0.0123697
0.000552103
0.00325674
0.00899354
0.00230863
0.00552639
0.00107235
0.0014579
0.00490511
0.00649853
0.00701734
0.0068791
0.0169015
0.0193669
0.0239203
0.0215273
0.0377635
0.0334942
0.0177181
0.00842739
0.00530415
0.00256249
0.00444651
0.00208968
0.00243316
0.00560174
0.0016417
0.00370797
0.00365015
0.0023748
0.00591784
0.00743205
0.00348398
0.00116557
0.00279682
0.00576617
0.00163713
0.00180659
0.00206909
0.00209188
0.005124
0.00279484
0.00354917
0.00239836
0.00399575
0.00609266
0.00563902
0.00356534
0.00840547
0.010381
0.0080157
0.0129919
0.00867004
0.0073057
0.0072183
0.0115534
0.0225227
0.0348597
0.0266998
0.0133708
0.00814493
0.0068559
0.00161161
0.010435
0.0330653
0.0298344
0.0222252
0.00622128
0.0059275
0.00769908
0.00993014
0.0036623
0.0090565
0.0128266
0.0037148
0.00591998
0.00527759
0.00241303
0.00140129
0.00210917
0.00202749
0.000340589
0.00150482
0.00343514
0.00619188
0.00540919
0.00308257
0.00356577
0.00225073
0.00237606
0.00243338
0.00342039
0.00342575
0.00216083
0.00128283
0.00420386
0.00132438
0.00340279
0.00391186
0.00280141
0.00192767
0.000648678
0.00139829
0.000716661
0.00341642
0.00203728
0.0100383
0.0031071
0.0192024
0.0141288
0.0173799
0.0143508
0.0105563
0.00169567
0.00415097
0.00214001
0.00282666
0.00253424
0.00202688
0.00236824
0.00290544
0.00802094
0.00066213
0.0141425
0.0033203
0.0107183
0.00344988
0.0107183
0.0033203
0.0141425
0.00066213
0.00802094
0.00290544
0.00236824
0.00202688
0.00253424
0.00282666
0.00214001
0.00415097
0.00169567
0.0105563
0.0143508
0.0173799
0.0141288
0.0192024
0.0031071
0.0100383
0.00203728
0.00341642
0.000716661
0.00139829
0.000648678
0.00192767
0.00280141
0.00391186
0.00340279
0.00132438
0.00420386
0.00128283
0.00216083
0.00342575
0.00342039
0.00243338
0.00237606
0.00225073
0.00356577
0.00308257
0.00540919
0.00619188
0.00343514
0.00150482
0.000340589
0.00202749
0.00210917
0.00140129
0.00241303
0.00527759
0.00591998
0.0037148
0.0128266
0.0090565
0.0036623
0.00993014
0.00769908
0.0059275
0.00622128
0.0222252
0.0298344
0.0330653
0.010435
0.00279847
0.00976369
0.01256
0.00744248
0.0122159
0.0342064
0.0246424
0.00321651
0.00598443
0.00298471
0.00574284
0.00816177
0.00238375
0.000956206
0.00415768
0.00193148
0.00310293
0.00526299
0.00375875
0.00190993
0.0042317
0.00531214
0.00385721
0.00439495
0.00130089
0.00227203
0.00119666
0.00191405
0.00535192
0.00646698
0.00332671
0.00241467
0.00207123
0.00704071
0.00428172
0.00539906
0.00277879
0.00121064
0.00203136
0.00229031
0.00164877
0.00176794
0.0022329
0.00430129
0.0170111
0.0280907
0.0132381
0.00365682
0.00333098
0.00633896
0.00385399
0.00331348
0.00218189
0.0019983
0.00249553
0.000961941
0.00174274
0.00197191
0.00280567
0.00733055
0.00660172
0.00589227
0.00590867
0.00308402
0.000193162
0.00308402
0.00590867
0.00589227
0.00660172
0.00733055
0.00280567
0.00197191
0.00174274
0.000961941
0.00249553
0.0019983
0.00218189
0.00331348
0.00385399
0.00633896
0.00333098
0.00365682
0.0132381
0.0280907
0.0170111
0.00430129
0.0022329
0.00176794
0.00164877
0.00229031
0.00203136
0.00121064
0.00277879
0.00539906
0.00428172
0.00704071
0.00207123
0.00241467
0.00332671
0.00646698
0.00535192
0.00191405
0.00119666
0.00227203
0.00130089
0.00439495
0.00385721
0.00531214
0.0042317
0.00190993
0.00375875
0.00526299
0.00310293
0.00193148
0.00415768
0.000956206
0.00238375
0.00816177
0.00574284
0.00298471
0.00598443
0.00321651
0.0246424
0.0342064
0.0122159
0.00744248
0.01256
0.00976369
0.00233629
0.00485911
0.00571111
0.0173079
0.0130706
0.0250322
0.0149414
0.0035245
0.00608419
0.00833572
0.00905941
0.0159007
0.000951474
0.00567878
0.0058696
0.00417148
0.00304748
0.0029625
0.00547167
0.00308815
0.00152179
0.00137858
0.000955031
0.00172541
0.00368672
0.00307401
0.00249672
0.00219587
0.00418334
0.00491589
0.00258338
0.00337172
0.00454149
0.0046166
0.00589327
0.00288153
0.00297253
0.00235056
0.0027747
0.0032438
0.00461399
0.00623789
0.0033403
0.00483683
0.00337697
0.00403997
0.00781656
0.00634756
0.00451779
0.00457523
0.00288474
0.000679146
0.00203974
0.00256677
0.00156333
0.00111018
0.00031268
0.000929937
0.00115358
0.00250102
0.00216056
0.00520062
0.0038425
0.0032114
0.00761386
0.0032114
0.0038425
0.00520062
0.00216056
0.00250102
0.00115358
0.000929937
0.00031268
0.00111018
0.00156333
0.00256677
0.00203974
0.000679146
0.00288474
0.00457523
0.00451779
0.00634756
0.00781656
0.00403997
0.00337697
0.00483683
0.0033403
0.00623789
0.00461399
0.0032438
0.0027747
0.00235056
0.00297253
0.00288153
0.00589327
0.0046166
0.00454149
0.00337172
0.00258338
0.00491589
0.00418334
0.00219587
0.00249672
0.00307401
0.00368672
0.00172541
0.000955031
0.00137858
0.00152179
0.00308815
0.00547167
0.0029625
0.00304748
0.00417148
0.0058696
0.00567878
0.000951474
0.0159007
0.00905941
0.00833572
0.00608419
0.0035245
0.0149414
0.0250322
0.0130706
0.0173079
0.00571111
0.00485911
0.00318397
0.00209651
0.0091025
0.0148974
0.0200666
0.0187856
0.0106316
0.00861949
0.00599589
0.00216527
0.00764389
0.00814659
0.00462003
0.000276866
0.00162893
0.00151656
0.00132184
0.000632992
0.00178287
0.00339119
0.00455888
0.00415335
0.00354364
0.00305747
0.00206796
0.000520572
0.000893332
0.00126315
0.00125292
0.00175215
0.00211283
0.00208045
0.00207724
0.00217398
0.00206827
0.00168331
0.00102837
0.000579618
0.000483199
0.00119324
0.00127381
0.000283551
0.00144821
0.00378356
0.00597361
0.00583272
0.00293643
0.000946443
0.00241297
0.00228364
0.00156679
0.000811563
0.000755628
0.00183884
0.0022171
0.0016163
0.000871814
0.00063497
0.00100778
0.00108829
0.000915823
0.00360706
0.00626715
0.00686168
0.00640782
0.00686168
0.00626715
0.00360706
0.000915823
0.00108829
0.00100778
0.00063497
0.000871814
0.0016163
0.0022171
0.00183884
0.000755628
0.000811563
0.00156679
0.00228364
0.00241297
0.000946443
0.00293643
0.00583272
0.00597361
0.00378356
0.00144821
0.000283551
0.00127381
0.00119324
0.000483199
0.000579618
0.00102837
0.00168331
0.00206827
0.00217398
0.00207724
0.00208045
0.00211283
0.00175215
0.00125292
0.00126315
0.000893332
0.000520572
0.00206796
0.00305747
0.00354364
0.00415335
0.00455888
0.00339119
0.00178287
0.000632992
0.00132184
0.00151656
0.00162893
0.000276866
0.00462003
0.00814659
0.00764389
0.00216527
0.00599589
0.00861949
0.0106316
0.0187856
0.0200666
0.0148974
0.0091025
0.00209651
